* Already processed by Phase	* 1
* Without/with database 	* 1
* Database file name		*  dart_atmosphere.db
* Type of model gas 		*  TROPICAL
* Type of model gas cumulative		*  TROPICAL
* Type of model gas temperature 		*  TROPICAL
* Number of aerosols		*  1
* Type of model aerosols		*  TROPICAL_MARITV23
* Type of model aerosols cumulative		*  MARITV23
* Type of model hg parameters		*  MARITV23
* Precipitable water amount ckeckbox		*  0
* Aerosol Distribution (0:exp; 1:profile) 	* 1
* Height of sensor (m)		* 4000
* g1 [0 1]			* 0.8903724104 0.8887224306 0.8870734856 0.8854254027 0.8837781821 0.8804865 0.8788420386 0.8771984394 0.8755557024 0.8739140001 0.8722729876 0.8706330098 0.8689938943 0.8673558134 0.8657184223 0.8640820659 0.8075564261 0.8071132843 0.8066701381 0.8062270453 0.8057839436 0.8053408508
* g2 [0 1]			* 0 0 0 0 0 0 0 0 0 0 0 0 0 0 0 0 0 0 0 0 0 0
* a [0 1]			* 1 1 1 1 1 1 1 1 1 1 1 1 1 1 1 1 1 1 1 1 1 1
* Spectral sampling 		* 1.101526 1.111094 1.120656 1.130213 1.139765 1.158853 1.168389 1.17792 1.187446 1.196966 1.206482 1.215992 1.225497 1.234996 1.244491 1.25398 1.701907 1.711869 1.7218311 1.731792 1.7417531 1.751714
* Total aerosols optical depth	* 0.2166688498 0.2155062667 0.2143698303 0.2132535576 0.2121605332 0.2100373235 0.2090023521 0.207992786 0.2069996571 0.2060195837 0.2050632172 0.2041187405 0.2031926674 0.2022848718 0.201389078 0.2005113997 0.1662380089 0.1655429453 0.1648562318 0.1641825556 0.1635168327 0.1628548982
* Aerosol albedo		* 0.9768653621 0.9767405611 0.9766172571 0.9764948621 0.9763737685 0.9761349402 0.976016763 0.9759003531 0.9757847306 0.9756695357 0.9755560643 0.9754429622 0.9753738127 0.9757171485 0.9756091372 0.9755023744 0.977097633 0.9770014745 0.9771151634 0.9774222826 0.9773303648 0.9772382232
* Gas transmittance (scattering)* 0.9941318538 0.9943328319 0.994526613 0.9947090924 0.9948823419 0.9952153508 0.9953618736 0.9955205007 0.9956557281 0.9957941787 0.9959338776 0.9960526043 0.9961703092 0.9962854032 0.9964061587 0.9965151379 0.999 0.999 0.999 0.9990203615 0.9991 0.9991
* H2O Transmittance (absorption)* 0.7285445768 0.4859859115 0.1188370066 0.1044155652 0.2296846922 0.4503648911 0.7002710635 0.7372055824 0.7803287767 0.8106643521 0.8306917932 0.86725229 0.9265021585 0.9811020895 0.9964619628 0.9983350996 0.9354646347 0.8909665417 0.8725406513 0.8384366114 0.8097001711 0.7534207886
* O3  Transmittance (absorption)* 1 1 1 1 1 1 1 1 1 1 1 1 1 1 1 1 1 1 1 1 1 1
* N2  Transmittance (absorption)* 1 1 1 1 1 1 1 1 1 1 1 1 1 1 1 1 1 1 1 1 1 1
* CO2 Transmittance (absorption)* 1 1 1 1 1 1 1 1 1 1 0.9927809557 0.9969503637 0.9974236867 0.9997090287 0.9999800301 0.9999614131 1 1 1 1 1 0.9999598057
* CO  Transmittance (absorption)* 1 1 1 1 1 1 1 1 1 1 1 1 1 1 1 1 1 1 1 1 1 1
* CH4 Transmittance (absorption)* 0.9999841172 0.9998323892 0.999222685 0.9987842303 0.9988820908 0.9970066383 0.9976262404 0.9988855937 0.9992835834 0.999690627 0.9998725573 0.999981991 1 1 1 1 0.9911538354 0.993781558 0.9937277173 0.9935313099 0.9971804454 0.9987100442
* N2O Transmittance (absorption)* 1 1 1 1 1 1 1 1 1 1 1 1 1 1 1 1 0.9999970967 1 1 1 1 1
* O2  Transmittance (absorption)* 0.9999597405 1 1 1 1 1 1 0.9998931432 0.9997214338 0.9996686302 0.9992182698 0.9981703017 0.9960349488 0.992661944 0.9867720768 0.9679203723 1 1 1 1 1 1
* NH3  Transmittance (absorption)* 1 1 1 1 1 1 1 1 1 1 1 1 1 1 1 1 1 1 1 1 1 1
* NO  Transmittance (absorption)* 1 1 1 1 1 1 1 1 1 1 1 1 1 1 1 1 1 1 1 1 1 1
* NO2  Transmittance (absorption)* 1 1 1 1 1 1 1 1 1 1 1 1 1 1 1 1 1 1 1 1 1 1
* SO2  Transmittance (absorption)* 1 1 1 1 1 1 1 1 1 1 1 1 1 1 1 1 1 1 1 1 1 1
* HNO3  Transmittance (absorption)* 1 1 1 1 1 1 1 1 1 1 1 1 1 1 1 1 1 1 1 1 1 1
* Other gas Transmittance (abs.)* 1 1 1 1 1 1 1 1 1 1 1 1 1 1 1 1 1 1 1 1 1 1
* Eq. gas Transmittance (abs. UpandDown) * 0.5658215519 0.3000024547 0.03152150244 0.02650650336 0.08578777815 0.2606166797 0.525967317 0.5988820549 0.6410744428 0.6844969497 0.717694604 0.7617787453 0.855773536 0.9487534112 0.9667902302 0.9340977075 0.8722225338 0.8076015048 0.7899262174 0.7337556106 0.6952511117 0.6262354911
* Vertical Distribution: Altitude(km) ScatGas(-) H2O(atm-cm/km) O3(atm-cm/km) N2(mol/cm2 km) CO2(atm-cm/km) CO(atm-cm/km) CH4(atm-cm/km) N2O(atm-cm/km) O2(atm-cm/km) NH3(atm-cm/km) NO(atm-cm/km) NO2(atm-cm/km) SO2(atm-cm/km) HNO3(atm-cm/km) OtherGas(atm-cm/km) Aerosol1 (550nm extinction (KM-1)) (nb layers)* 36
0 0.9112 2360 0.00261 0.7615 33.3 0.0137 0.155 0.0292 19000 4.56e-005 2.73e-005 2.1e-006 2.73e-005 4.56e-006 5.535352246e-005 0.4785147896
1 0.8298 1620 0.00261 0.6314 30.3 0.012 0.141 0.0266 17300 4.15e-005 2.49e-005 1.91e-006 2.27e-005 4.95e-006 5.044807953e-005 0.3001317446
2 0.7543 1160 0.00252 0.5218 27.5 0.0106 0.128 0.0241 15800 3.49e-005 2.26e-005 1.73e-006 1.78e-005 5.23e-006 4.59941263e-005 0.1880744837
3 0.6794 584 0.00238 0.4233 24.8 0.00917 0.115 0.0217 14200 2.58e-005 2.04e-005 1.56e-006 1.29e-005 5.37e-006 4.145516227e-005 0.1047886818
4 0.616 274 0.00219 0.3481 22.5 0.00808 0.105 0.0197 12900 1.77e-005 1.85e-005 1.42e-006 8.99e-006 5.46e-006 3.766619025e-005 0.05602863042
5 0.5575 187 0.0021 0.2851 20.3 0.00726 0.0948 0.0178 11700 1.14e-005 1.67e-005 1.28e-006 6.58e-006 5.44e-006 3.467320122e-005 0.02819602969
6 0.5032 106 0.00201 0.2322 18.4 0.00648 0.0855 0.0161 10500 7.35e-006 1.51e-005 1.16e-006 4.89e-006 5.59e-006 3.18032082e-005 0.0233503103
7 0.4531 58.4 0.00191 0.1883 16.5 0.00565 0.077 0.0145 9470 4.48e-006 1.36e-005 1.04e-006 3.76e-006 5.71e-006 2.910431018e-005 0.01886801987
8 0.4071 31.1 0.00182 0.152 14.9 0.00482 0.0691 0.013 8510 2.64e-006 1.22e-005 9.36e-007 2.94e-006 5.66e-006 2.653371016e-005 0.01020629646
9 0.3641 14.9 0.00182 0.1216 13.3 0.00398 0.0616 0.0116 7610 1.37e-006 1.09e-005 8.45e-007 2.39e-006 5.57e-006 2.365221015e-005 0.005512005804
10 0.3253 6.22 0.00182 0.09706 11.9 0.00324 0.0548 0.0103 6800 6.6e-007 9.76e-006 7.74e-007 1.98e-006 5.66e-006 2.105440713e-005 0.003452575064
11 0.2894 2.11 0.00191 0.0768 10.6 0.00259 0.0485 0.00909 6050 3.15e-007 8.68e-006 7.58e-007 1.68e-006 5.85e-006 1.864830212e-005 0.002419831119
12 0.2568 0.746 0.00201 0.06048 9.37 0.00201 0.0427 0.00795 5370 1.62e-007 7.7e-006 8.09e-007 1.44e-006 6.19e-006 1.64916941e-005 0.00194131633
13 0.2261 0.224 0.0021 0.04688 8.25 0.00144 0.0372 0.00689 4730 7.05e-008 6.76e-006 1.01e-006 1.26e-006 6.24e-006 1.468896009e-005 0.001565773077
14 0.2 0.124 0.0021 0.03668 7.3 0.001 0.0325 0.006 4180 2.22e-008 5.9e-006 1.5e-006 1.13e-006 6.66e-006 1.315450008e-005 0.001338629981
15 0.1747 0.0699 0.00219 0.02799 6.38 0.000688 0.028 0.00514 3650 7.81e-009 4.94e-006 2.99e-006 1e-006 7.9e-006 1.161880007e-005 0.001196286974
16 0.1519 0.0456 0.00219 0.02116 5.54 0.000466 0.024 0.00437 3170 3.2e-009 4.07e-006 4.85e-006 8.73e-007 1.12e-005 1.022240006e-005 0.001156915504
17 0.1297 0.0376 0.00324 0.01542 4.73 0.000323 0.0201 0.00361 2710 1.43e-009 3.27e-006 6.73e-006 6.96e-007 1.7e-005 9.934000052e-006 0.001287144212
18 0.107 0.0294 0.00535 0.0105 3.91 0.00021 0.0163 0.00286 2240 7.17e-010 2.57e-006 8.25e-006 5.11e-007 2.26e-005 9.178000043e-006 0.001574858801
19 0.08857 0.023 0.00841 0.007195 3.23 0.000137 0.0131 0.00224 1850 3.52e-010 2.16e-006 9.39e-006 3.52e-007 2.81e-005 8.407300035e-006 0.001759601853
20 0.07369 0.0192 0.0103 0.00498 2.69 9.81e-005 0.0105 0.00174 1540 1.78e-010 1.88e-006 1.02e-005 2.35e-007 3.09e-005 7.684200029e-006 0.00178383045
21 0.06141 0.0163 0.0111 0.003459 2.24 7.57e-005 0.00832 0.00135 1280 1.18e-010 1.7e-006 1.08e-005 1.64e-007 3.03e-005 7.503900025e-006 0.001520344458
22 0.05138 0.0144 0.0123 0.002421 1.88 6.33e-005 0.00654 0.00105 1070 8.84e-011 1.58e-006 1.11e-005 1.17e-007 2.81e-005 7.190100021e-006 0.001272001339
23 0.04348 0.0126 0.0148 0.001734 1.59 5.68e-005 0.00518 0.000855 909 6.91e-011 1.57e-006 1.12e-005 9e-008 2.5e-005 6.868700017e-006 0.0009085723852
24 0.03689 0.0118 0.0159 0.001248 1.35 5.17e-005 0.00412 0.000692 771 5.31e-011 1.66e-006 1.13e-005 7.01e-008 2.15e-005 6.493700015e-006 0.0005996577743
25 0.03129 0.0102 0.0169 0.0008981 1.14 4.76e-005 0.0033 0.000549 654 3.85e-011 2.14e-006 1.17e-005 5.48e-008 1.76e-005 5.794100013e-006 0.0003967432749
30 0.01416 0.00566 0.0132 0.0001838 0.517 2.82e-005 0.00129 0.0002 296 8.99e-012 3.47e-006 8.72e-006 1.9e-008 5.3e-006 2.556410006e-006 0.0001005486773
35 0.006654 0.00306 0.00645 4.06e-005 0.243 1.65e-005 0.000496 6.17e-005 139 1.21e-012 4.75e-006 4.84e-006 7.72e-009 1.09e-006 4.849653027e-007 1.302287086e-005
40 0.003237 0.00168 0.00243 9.61e-006 0.118 1e-005 0.000183 1.46e-005 67.7 9.52e-014 3.63e-006 1.3e-006 4.4e-009 1.73e-007 2.43503131e-008 5.057719611e-006
45 0.001619 0.000923 0.000728 2.403e-006 0.0591 6.45e-006 5.88e-005 2.58e-006 33.8 4.82e-015 1.89e-006 1.86e-007 3.4e-009 1.96e-008 2.705852638e-009 2.422859694e-006
50 0.000852 0.000511 0.000239 6.658e-007 0.0311 4.34e-006 1.79e-005 4.05e-007 17.8 6.08e-016 8.78e-007 3.77e-008 3.03e-009 4.73e-009 9.389302097e-010 1.272001339e-006
55 0.0004667 0.00028 8.4e-005 1.998e-007 0.017 2.79e-006 7.71e-006 1.4e-007 9.75 2.24e-016 4.71e-007 1.58e-008 2.14e-009 2.08e-009 4.47455964e-010 6.684064181e-007
60 0.0002546 0.000153 2.8e-005 5.943e-008 0.00929 1.77e-006 3.82e-006 5.26e-008 5.32 9.32e-017 2.57e-007 7.25e-009 1.31e-009 9.78e-010 2.230888382e-010 3.510117982e-007
70 7.143e-005 3.21e-005 2.14e-006 4.679e-009 0.00261 1.38e-006 1.07e-006 8.21e-009 1.49 1.84e-017 8.21e-008 1.65e-009 3.09e-010 2.34e-010 5.576050808e-011 9.691438776e-008
80 1.605e-005 3.37e-006 5.3e-007 2.361e-010 0.000582 2.49e-006 2.41e-007 1.13e-009 0.335 3.27e-018 4.3e-008 3.24e-010 2.13e-011 4.83e-011 1.107835745e-011 1.755058991e-008
100 4.085e-007 1.63e-008 1.63e-008 1.531e-013 8.81e-006 6.97e-007 4.9e-009 1.36e-011 0.00654 6.05e-020 8.5e-008 6.95e-012 1.46e-014 1.12e-012 7.397117414e-014 5.754291773e-010
* Equivalent Absorption Cross Section Vertical Distribution: band mol 0km(1/atm-cm) 1km(1/atm-cm) 2km(1/atm-cm) 3km(1/atm-cm) 4km(1/atm-cm) 5km(1/atm-cm) 6km(1/atm-cm) 7km(1/atm-cm) 8km(1/atm-cm) 9km(1/atm-cm) 10km(1/atm-cm) 11km(1/atm-cm) 12km(1/atm-cm) 13km(1/atm-cm) 14km(1/atm-cm) 15km(1/atm-cm) 16km(1/atm-cm) 17km(1/atm-cm) 18km(1/atm-cm) 19km(1/atm-cm) 20km(1/atm-cm) 21km(1/atm-cm) 22km(1/atm-cm) 23km(1/atm-cm) 24km(1/atm-cm) 25km(1/atm-cm) 30km(1/atm-cm) 35km(1/atm-cm) 40km(1/atm-cm) 45km(1/atm-cm) 50km(1/atm-cm) 55km(1/atm-cm) 60km(1/atm-cm) 70km(1/atm-cm) 80km(1/atm-cm) 100km(1/atm-cm)	* 110
0 co2 0 0 0 0 0 0 0 0 0 0 0 0 0 0 0 0 0 0 0 0 0 0 0 0 0 0 0 0 0 0 0 0 0 0 0 0
0 h2o 0 0 0 0 0 0 0 0 0 0 0 0 0 0 0 0 0 0 0 0 0 0 0 0 0 0 0 0 0 0 0 0 0 0 0 0
0 o3 0 0 0 0 0 0 0 0 0 0 0 0 0 0 0 0 0 0 0 0 0 0 0 0 0 0 0 0 0 0 0 0 0 0 0 0
0 ch4 0 0 0 0 0 0 0 0 0 0 0 0 0 0 0 0 0 0 0 0 0 0 0 0 0 0 0 0 0 0 0 0 0 0 0 0
0 n2o 0 0 0 0 0 0 0 0 0 0 0 0 0 0 0 0 0 0 0 0 0 0 0 0 0 0 0 0 0 0 0 0 0 0 0 0
1 co2 0 0 0 0 0 0 0 0 0 0 0 0 0 0 0 0 0 0 0 0 0 0 0 0 0 0 0 0 0 0 0 0 0 0 0 0
1 h2o 0 0 0 0 0 0 0 0 0 0 0 0 0 0 0 0 0 0 0 0 0 0 0 0 0 0 0 0 0 0 0 0 0 0 0 0
1 o3 0 0 0 0 0 0 0 0 0 0 0 0 0 0 0 0 0 0 0 0 0 0 0 0 0 0 0 0 0 0 0 0 0 0 0 0
1 ch4 0 0 0 0 0 0 0 0 0 0 0 0 0 0 0 0 0 0 0 0 0 0 0 0 0 0 0 0 0 0 0 0 0 0 0 0
1 n2o 0 0 0 0 0 0 0 0 0 0 0 0 0 0 0 0 0 0 0 0 0 0 0 0 0 0 0 0 0 0 0 0 0 0 0 0
2 co2 0 0 0 0 0 0 0 0 0 0 0 0 0 0 0 0 0 0 0 0 0 0 0 0 0 0 0 0 0 0 0 0 0 0 0 0
2 h2o 0 0 0 0 0 0 0 0 0 0 0 0 0 0 0 0 0 0 0 0 0 0 0 0 0 0 0 0 0 0 0 0 0 0 0 0
2 o3 0 0 0 0 0 0 0 0 0 0 0 0 0 0 0 0 0 0 0 0 0 0 0 0 0 0 0 0 0 0 0 0 0 0 0 0
2 ch4 0 0 0 0 0 0 0 0 0 0 0 0 0 0 0 0 0 0 0 0 0 0 0 0 0 0 0 0 0 0 0 0 0 0 0 0
2 n2o 0 0 0 0 0 0 0 0 0 0 0 0 0 0 0 0 0 0 0 0 0 0 0 0 0 0 0 0 0 0 0 0 0 0 0 0
3 co2 0 0 0 0 0 0 0 0 0 0 0 0 0 0 0 0 0 0 0 0 0 0 0 0 0 0 0 0 0 0 0 0 0 0 0 0
3 h2o 0 0 0 0 0 0 0 0 0 0 0 0 0 0 0 0 0 0 0 0 0 0 0 0 0 0 0 0 0 0 0 0 0 0 0 0
3 o3 0 0 0 0 0 0 0 0 0 0 0 0 0 0 0 0 0 0 0 0 0 0 0 0 0 0 0 0 0 0 0 0 0 0 0 0
3 ch4 0 0 0 0 0 0 0 0 0 0 0 0 0 0 0 0 0 0 0 0 0 0 0 0 0 0 0 0 0 0 0 0 0 0 0 0
3 n2o 0 0 0 0 0 0 0 0 0 0 0 0 0 0 0 0 0 0 0 0 0 0 0 0 0 0 0 0 0 0 0 0 0 0 0 0
4 co2 0 0 0 0 0 0 0 0 0 0 0 0 0 0 0 0 0 0 0 0 0 0 0 0 0 0 0 0 0 0 0 0 0 0 0 0
4 h2o 0 0 0 0 0 0 0 0 0 0 0 0 0 0 0 0 0 0 0 0 0 0 0 0 0 0 0 0 0 0 0 0 0 0 0 0
4 o3 0 0 0 0 0 0 0 0 0 0 0 0 0 0 0 0 0 0 0 0 0 0 0 0 0 0 0 0 0 0 0 0 0 0 0 0
4 ch4 0 0 0 0 0 0 0 0 0 0 0 0 0 0 0 0 0 0 0 0 0 0 0 0 0 0 0 0 0 0 0 0 0 0 0 0
4 n2o 0 0 0 0 0 0 0 0 0 0 0 0 0 0 0 0 0 0 0 0 0 0 0 0 0 0 0 0 0 0 0 0 0 0 0 0
5 co2 0 0 0 0 0 0 0 0 0 0 0 0 0 0 0 0 0 0 0 0 0 0 0 0 0 0 0 0 0 0 0 0 0 0 0 0
5 h2o 0 0 0 0 0 0 0 0 0 0 0 0 0 0 0 0 0 0 0 0 0 0 0 0 0 0 0 0 0 0 0 0 0 0 0 0
5 o3 0 0 0 0 0 0 0 0 0 0 0 0 0 0 0 0 0 0 0 0 0 0 0 0 0 0 0 0 0 0 0 0 0 0 0 0
5 ch4 0 0 0 0 0 0 0 0 0 0 0 0 0 0 0 0 0 0 0 0 0 0 0 0 0 0 0 0 0 0 0 0 0 0 0 0
5 n2o 0 0 0 0 0 0 0 0 0 0 0 0 0 0 0 0 0 0 0 0 0 0 0 0 0 0 0 0 0 0 0 0 0 0 0 0
6 co2 0 0 0 0 0 0 0 0 0 0 0 0 0 0 0 0 0 0 0 0 0 0 0 0 0 0 0 0 0 0 0 0 0 0 0 0
6 h2o 0 0 0 0 0 0 0 0 0 0 0 0 0 0 0 0 0 0 0 0 0 0 0 0 0 0 0 0 0 0 0 0 0 0 0 0
6 o3 0 0 0 0 0 0 0 0 0 0 0 0 0 0 0 0 0 0 0 0 0 0 0 0 0 0 0 0 0 0 0 0 0 0 0 0
6 ch4 0 0 0 0 0 0 0 0 0 0 0 0 0 0 0 0 0 0 0 0 0 0 0 0 0 0 0 0 0 0 0 0 0 0 0 0
6 n2o 0 0 0 0 0 0 0 0 0 0 0 0 0 0 0 0 0 0 0 0 0 0 0 0 0 0 0 0 0 0 0 0 0 0 0 0
7 co2 0 0 0 0 0 0 0 0 0 0 0 0 0 0 0 0 0 0 0 0 0 0 0 0 0 0 0 0 0 0 0 0 0 0 0 0
7 h2o 0 0 0 0 0 0 0 0 0 0 0 0 0 0 0 0 0 0 0 0 0 0 0 0 0 0 0 0 0 0 0 0 0 0 0 0
7 o3 0 0 0 0 0 0 0 0 0 0 0 0 0 0 0 0 0 0 0 0 0 0 0 0 0 0 0 0 0 0 0 0 0 0 0 0
7 ch4 0 0 0 0 0 0 0 0 0 0 0 0 0 0 0 0 0 0 0 0 0 0 0 0 0 0 0 0 0 0 0 0 0 0 0 0
7 n2o 0 0 0 0 0 0 0 0 0 0 0 0 0 0 0 0 0 0 0 0 0 0 0 0 0 0 0 0 0 0 0 0 0 0 0 0
8 co2 0 0 0 0 0 0 0 0 0 0 0 0 0 0 0 0 0 0 0 0 0 0 0 0 0 0 0 0 0 0 0 0 0 0 0 0
8 h2o 0 0 0 0 0 0 0 0 0 0 0 0 0 0 0 0 0 0 0 0 0 0 0 0 0 0 0 0 0 0 0 0 0 0 0 0
8 o3 0 0 0 0 0 0 0 0 0 0 0 0 0 0 0 0 0 0 0 0 0 0 0 0 0 0 0 0 0 0 0 0 0 0 0 0
8 ch4 0 0 0 0 0 0 0 0 0 0 0 0 0 0 0 0 0 0 0 0 0 0 0 0 0 0 0 0 0 0 0 0 0 0 0 0
8 n2o 0 0 0 0 0 0 0 0 0 0 0 0 0 0 0 0 0 0 0 0 0 0 0 0 0 0 0 0 0 0 0 0 0 0 0 0
9 co2 0 0 0 0 0 0 0 0 0 0 0 0 0 0 0 0 0 0 0 0 0 0 0 0 0 0 0 0 0 0 0 0 0 0 0 0
9 h2o 0 0 0 0 0 0 0 0 0 0 0 0 0 0 0 0 0 0 0 0 0 0 0 0 0 0 0 0 0 0 0 0 0 0 0 0
9 o3 0 0 0 0 0 0 0 0 0 0 0 0 0 0 0 0 0 0 0 0 0 0 0 0 0 0 0 0 0 0 0 0 0 0 0 0
9 ch4 0 0 0 0 0 0 0 0 0 0 0 0 0 0 0 0 0 0 0 0 0 0 0 0 0 0 0 0 0 0 0 0 0 0 0 0
9 n2o 0 0 0 0 0 0 0 0 0 0 0 0 0 0 0 0 0 0 0 0 0 0 0 0 0 0 0 0 0 0 0 0 0 0 0 0
10 co2 0 0 0 0 0 0 0 0 0 0 0 0 0 0 0 0 0 0 0 0 0 0 0 0 0 0 0 0 0 0 0 0 0 0 0 0
10 h2o 0 0 0 0 0 0 0 0 0 0 0 0 0 0 0 0 0 0 0 0 0 0 0 0 0 0 0 0 0 0 0 0 0 0 0 0
10 o3 0 0 0 0 0 0 0 0 0 0 0 0 0 0 0 0 0 0 0 0 0 0 0 0 0 0 0 0 0 0 0 0 0 0 0 0
10 ch4 0 0 0 0 0 0 0 0 0 0 0 0 0 0 0 0 0 0 0 0 0 0 0 0 0 0 0 0 0 0 0 0 0 0 0 0
10 n2o 0 0 0 0 0 0 0 0 0 0 0 0 0 0 0 0 0 0 0 0 0 0 0 0 0 0 0 0 0 0 0 0 0 0 0 0
11 co2 0 0 0 0 0 0 0 0 0 0 0 0 0 0 0 0 0 0 0 0 0 0 0 0 0 0 0 0 0 0 0 0 0 0 0 0
11 h2o 0 0 0 0 0 0 0 0 0 0 0 0 0 0 0 0 0 0 0 0 0 0 0 0 0 0 0 0 0 0 0 0 0 0 0 0
11 o3 0 0 0 0 0 0 0 0 0 0 0 0 0 0 0 0 0 0 0 0 0 0 0 0 0 0 0 0 0 0 0 0 0 0 0 0
11 ch4 0 0 0 0 0 0 0 0 0 0 0 0 0 0 0 0 0 0 0 0 0 0 0 0 0 0 0 0 0 0 0 0 0 0 0 0
11 n2o 0 0 0 0 0 0 0 0 0 0 0 0 0 0 0 0 0 0 0 0 0 0 0 0 0 0 0 0 0 0 0 0 0 0 0 0
12 co2 0 0 0 0 0 0 0 0 0 0 0 0 0 0 0 0 0 0 0 0 0 0 0 0 0 0 0 0 0 0 0 0 0 0 0 0
12 h2o 0 0 0 0 0 0 0 0 0 0 0 0 0 0 0 0 0 0 0 0 0 0 0 0 0 0 0 0 0 0 0 0 0 0 0 0
12 o3 0 0 0 0 0 0 0 0 0 0 0 0 0 0 0 0 0 0 0 0 0 0 0 0 0 0 0 0 0 0 0 0 0 0 0 0
12 ch4 0 0 0 0 0 0 0 0 0 0 0 0 0 0 0 0 0 0 0 0 0 0 0 0 0 0 0 0 0 0 0 0 0 0 0 0
12 n2o 0 0 0 0 0 0 0 0 0 0 0 0 0 0 0 0 0 0 0 0 0 0 0 0 0 0 0 0 0 0 0 0 0 0 0 0
13 co2 0 0 0 0 0 0 0 0 0 0 0 0 0 0 0 0 0 0 0 0 0 0 0 0 0 0 0 0 0 0 0 0 0 0 0 0
13 h2o 0 0 0 0 0 0 0 0 0 0 0 0 0 0 0 0 0 0 0 0 0 0 0 0 0 0 0 0 0 0 0 0 0 0 0 0
13 o3 0 0 0 0 0 0 0 0 0 0 0 0 0 0 0 0 0 0 0 0 0 0 0 0 0 0 0 0 0 0 0 0 0 0 0 0
13 ch4 0 0 0 0 0 0 0 0 0 0 0 0 0 0 0 0 0 0 0 0 0 0 0 0 0 0 0 0 0 0 0 0 0 0 0 0
13 n2o 0 0 0 0 0 0 0 0 0 0 0 0 0 0 0 0 0 0 0 0 0 0 0 0 0 0 0 0 0 0 0 0 0 0 0 0
14 co2 0 0 0 0 0 0 0 0 0 0 0 0 0 0 0 0 0 0 0 0 0 0 0 0 0 0 0 0 0 0 0 0 0 0 0 0
14 h2o 0 0 0 0 0 0 0 0 0 0 0 0 0 0 0 0 0 0 0 0 0 0 0 0 0 0 0 0 0 0 0 0 0 0 0 0
14 o3 0 0 0 0 0 0 0 0 0 0 0 0 0 0 0 0 0 0 0 0 0 0 0 0 0 0 0 0 0 0 0 0 0 0 0 0
14 ch4 0 0 0 0 0 0 0 0 0 0 0 0 0 0 0 0 0 0 0 0 0 0 0 0 0 0 0 0 0 0 0 0 0 0 0 0
14 n2o 0 0 0 0 0 0 0 0 0 0 0 0 0 0 0 0 0 0 0 0 0 0 0 0 0 0 0 0 0 0 0 0 0 0 0 0
15 co2 0 0 0 0 0 0 0 0 0 0 0 0 0 0 0 0 0 0 0 0 0 0 0 0 0 0 0 0 0 0 0 0 0 0 0 0
15 h2o 0 0 0 0 0 0 0 0 0 0 0 0 0 0 0 0 0 0 0 0 0 0 0 0 0 0 0 0 0 0 0 0 0 0 0 0
15 o3 0 0 0 0 0 0 0 0 0 0 0 0 0 0 0 0 0 0 0 0 0 0 0 0 0 0 0 0 0 0 0 0 0 0 0 0
15 ch4 0 0 0 0 0 0 0 0 0 0 0 0 0 0 0 0 0 0 0 0 0 0 0 0 0 0 0 0 0 0 0 0 0 0 0 0
15 n2o 0 0 0 0 0 0 0 0 0 0 0 0 0 0 0 0 0 0 0 0 0 0 0 0 0 0 0 0 0 0 0 0 0 0 0 0
16 co2 0 0 0 0 0 0 0 0 0 0 0 0 0 0 0 0 0 0 0 0 0 0 0 0 0 0 0 0 0 0 0 0 0 0 0 0
16 h2o 0 0 0 0 0 0 0 0 0 0 0 0 0 0 0 0 0 0 0 0 0 0 0 0 0 0 0 0 0 0 0 0 0 0 0 0
16 o3 0 0 0 0 0 0 0 0 0 0 0 0 0 0 0 0 0 0 0 0 0 0 0 0 0 0 0 0 0 0 0 0 0 0 0 0
16 ch4 0 0 0 0 0 0 0 0 0 0 0 0 0 0 0 0 0 0 0 0 0 0 0 0 0 0 0 0 0 0 0 0 0 0 0 0
16 n2o 0 0 0 0 0 0 0 0 0 0 0 0 0 0 0 0 0 0 0 0 0 0 0 0 0 0 0 0 0 0 0 0 0 0 0 0
17 co2 0 0 0 0 0 0 0 0 0 0 0 0 0 0 0 0 0 0 0 0 0 0 0 0 0 0 0 0 0 0 0 0 0 0 0 0
17 h2o 0 0 0 0 0 0 0 0 0 0 0 0 0 0 0 0 0 0 0 0 0 0 0 0 0 0 0 0 0 0 0 0 0 0 0 0
17 o3 0 0 0 0 0 0 0 0 0 0 0 0 0 0 0 0 0 0 0 0 0 0 0 0 0 0 0 0 0 0 0 0 0 0 0 0
17 ch4 0 0 0 0 0 0 0 0 0 0 0 0 0 0 0 0 0 0 0 0 0 0 0 0 0 0 0 0 0 0 0 0 0 0 0 0
17 n2o 0 0 0 0 0 0 0 0 0 0 0 0 0 0 0 0 0 0 0 0 0 0 0 0 0 0 0 0 0 0 0 0 0 0 0 0
18 co2 0 0 0 0 0 0 0 0 0 0 0 0 0 0 0 0 0 0 0 0 0 0 0 0 0 0 0 0 0 0 0 0 0 0 0 0
18 h2o 0 0 0 0 0 0 0 0 0 0 0 0 0 0 0 0 0 0 0 0 0 0 0 0 0 0 0 0 0 0 0 0 0 0 0 0
18 o3 0 0 0 0 0 0 0 0 0 0 0 0 0 0 0 0 0 0 0 0 0 0 0 0 0 0 0 0 0 0 0 0 0 0 0 0
18 ch4 0 0 0 0 0 0 0 0 0 0 0 0 0 0 0 0 0 0 0 0 0 0 0 0 0 0 0 0 0 0 0 0 0 0 0 0
18 n2o 0 0 0 0 0 0 0 0 0 0 0 0 0 0 0 0 0 0 0 0 0 0 0 0 0 0 0 0 0 0 0 0 0 0 0 0
19 co2 0 0 0 0 0 0 0 0 0 0 0 0 0 0 0 0 0 0 0 0 0 0 0 0 0 0 0 0 0 0 0 0 0 0 0 0
19 h2o 0 0 0 0 0 0 0 0 0 0 0 0 0 0 0 0 0 0 0 0 0 0 0 0 0 0 0 0 0 0 0 0 0 0 0 0
19 o3 0 0 0 0 0 0 0 0 0 0 0 0 0 0 0 0 0 0 0 0 0 0 0 0 0 0 0 0 0 0 0 0 0 0 0 0
19 ch4 0 0 0 0 0 0 0 0 0 0 0 0 0 0 0 0 0 0 0 0 0 0 0 0 0 0 0 0 0 0 0 0 0 0 0 0
19 n2o 0 0 0 0 0 0 0 0 0 0 0 0 0 0 0 0 0 0 0 0 0 0 0 0 0 0 0 0 0 0 0 0 0 0 0 0
20 co2 0 0 0 0 0 0 0 0 0 0 0 0 0 0 0 0 0 0 0 0 0 0 0 0 0 0 0 0 0 0 0 0 0 0 0 0
20 h2o 0 0 0 0 0 0 0 0 0 0 0 0 0 0 0 0 0 0 0 0 0 0 0 0 0 0 0 0 0 0 0 0 0 0 0 0
20 o3 0 0 0 0 0 0 0 0 0 0 0 0 0 0 0 0 0 0 0 0 0 0 0 0 0 0 0 0 0 0 0 0 0 0 0 0
20 ch4 0 0 0 0 0 0 0 0 0 0 0 0 0 0 0 0 0 0 0 0 0 0 0 0 0 0 0 0 0 0 0 0 0 0 0 0
20 n2o 0 0 0 0 0 0 0 0 0 0 0 0 0 0 0 0 0 0 0 0 0 0 0 0 0 0 0 0 0 0 0 0 0 0 0 0
21 co2 0 0 0 0 0 0 0 0 0 0 0 0 0 0 0 0 0 0 0 0 0 0 0 0 0 0 0 0 0 0 0 0 0 0 0 0
21 h2o 0 0 0 0 0 0 0 0 0 0 0 0 0 0 0 0 0 0 0 0 0 0 0 0 0 0 0 0 0 0 0 0 0 0 0 0
21 o3 0 0 0 0 0 0 0 0 0 0 0 0 0 0 0 0 0 0 0 0 0 0 0 0 0 0 0 0 0 0 0 0 0 0 0 0
21 ch4 0 0 0 0 0 0 0 0 0 0 0 0 0 0 0 0 0 0 0 0 0 0 0 0 0 0 0 0 0 0 0 0 0 0 0 0
21 n2o 0 0 0 0 0 0 0 0 0 0 0 0 0 0 0 0 0 0 0 0 0 0 0 0 0 0 0 0 0 0 0 0 0 0 0 0
* Vertical Distribution: height(km) temperature(K) pressure(mb) 	* 36
0 288.15 1012.999
1 282.15 904
2 276.15 804.998
3 272.15 714.998
4 265.45 633
5 258.75 559
6 252.05 492.001
7 245.45 432.002
8 238.75 377.998
9 232.05 329.001
10 225.45 286
11 230.1 247
12 223.6 213
13 217 182.001
14 210.3 156.001
15 203.7 132
16 197 111
17 194.8 93.7
18 198.8 78.9
19 202.7 66.6
20 206.7 56.5
21 210.7 48
22 214.6 40.9
23 217 35
24 219.2 30
25 221.4 25.7
30 232.3 12.2
35 243.1 6.000003
40 254 3.049995
45 264.8 1.589994
50 270.2 0.854003
55 263.4 0.456001
60 253.1 0.239
70 218.9 0.058
80 184.8 0.011
100 190.7 0.000289